10,164
10,163
10,162
10,161
10,160
10,159
10,158
10,157
10,156
10,155
10,154
10,153
10,152
10,151
10,150
10,149
10,148
10,147
10,146
10,145
10,144
10,143
10,142
10,141
10,140
10,139
10,138
10,137
10,136
10,135
10,134
10,133
10,132
10,131
10,130
10,129
10,128
10,127
10,126
10,125
10,124
10,123
10,122
10,121
10,120
10,119
10,118
10,117
10,116
10,115
10,114
10,113
10,112
10,111
10,110
10,109
10,108
10,107
10,106
10,105
10,104
10,103
10,102
10,101
10,100
10,99
10,98
10,97
10,96
10,95
10,94
10,93
10,92
10,91
10,90
10,89
10,88
10,87
10,86
10,85
10,84
10,83
10,82
10,81
10,80
10,79
10,78
10,77
10,76
10,75
10,74
10,73
10,72
10,71
10,70
10,69
10,68
10,67
10,66
10,65
10,64
10,36
10,35
10,34
10,33
10,32
10,31
10,30
10,29
10,28
10,27
10,26
10,25
10,24
10,23
10,22
10,21
10,20
10,19
10,18
10,17
10,16
10,15
10,14
10,13
10,12
10,11
10,10
10,9
10,8
10,7
10,6
10,5
10,4
10,3
10,2
10,1
10,0
4294967294,822
4294967294,903
4294967294,1071
9,1783
9,1782
9,1781
9,1780
4294967279,594
9,1779
9,1778
9,1777
9,1776
9,1775
9,1774
9,1773
4294967279,593
9,1772
9,1771
9,1770
9,1769
9,1768
9,1767
9,1766
9,1765
4294967279,592
9,1764
9,1763
9,1762
9,1761
9,1760
9,1759
9,1758
9,1757
4294967279,591
9,1756
9,1755
9,1754
9,1753
9,1752
9,1751
9,1750
9,1749
9,1748
4294967279,590
9,1747
9,1746
9,1745
9,1744
9,1743
9,1742
4294967279,466
9,1741
9,1740
9,1739
9,1738
4294967279,589
9,1737
9,1736
9,1735
9,1734
9,1733
9,1732
9,1731
4294967279,465
9,1730
9,1729
9,1728
9,1726
9,1725
4294967279,588
9,1724
9,1723
9,1722
9,1721
9,1720
9,1719
9,1718
4294967279,464
9,1717
9,1716
9,1715
9,1714
9,1713
9,1712
4294967279,587
9,1711
9,1710
9,1709
9,1708
9,1707
9,1706
4294967279,463
9,1705
9,1704
9,1703
9,1702
9,1701
4294967279,586
9,1700
9,1699
9,1698
9,1697
9,1696
9,1695
9,1694
4294967279,462
9,1693
9,1692
9,1691
9,1690
9,1689
4294967279,585
9,1688
9,1687
9,1686
9,1983
9,1685
9,1684
9,1683
4294967279,461
9,1682
9,1681
9,1680
9,1679
9,1678
9,1677
4294967279,584
9,1676
9,1675
9,1674
9,1673
9,1672
9,1671
9,1670
4294967279,460
9,1669
9,1668
9,1667
9,1666
9,1665
4294967279,583
9,1664
9,1662
9,1661
9,1660
9,1659
9,1919
9,1658
4294967279,459
9,1657
9,1656
9,1655
9,1654
9,1653
4294967279,582
9,1652
9,1651
9,1650
9,1649
9,1648
9,1647
9,1646
4294967279,458
9,1645
9,1644
9,1643
9,1642
9,1641
4294967279,581
9,1640
9,1639
9,1638
9,1637
9,1636
9,1635
9,1634
4294967279,457
9,1633
9,1632
9,1631
9,1630
9,1629
4294967279,580
9,1628
9,1627
9,1626
9,1625
9,1624
9,1623
9,1622
4294967279,456
9,1621
9,1620
9,1619
9,1618
9,1617
4294967279,579
9,1616
9,1615
9,1614
9,1613
9,1612
9,1611
9,1610
9,1609
4294967279,455
9,1608
9,1607
9,1606
9,1605
4294967279,578
9,1604
9,1603
9,1602
9,1601
9,1600
9,1598
9,1597
9,1596
4294967279,454
9,1595
9,1594
9,1593
9,1592
4294967279,577
9,1591
9,1590
9,1589
9,1855
9,1588
9,1587
9,1586
9,1585
4294967279,453
9,1584
9,1583
9,1582
9,1581
4294967279,576
9,1580
9,1579
9,1578
9,1577
9,1576
9,1575
9,1574
4294967278,447
9,1573
4294967279,452
9,1572
9,1571
9,1570
9,1569
4294967279,447
9,1568
9,1567
9,1566
9,1565
9,1564
9,1563
9,1562
4294967278,446
9,1561
4294967279,451
9,1560
9,1559
9,1558
9,1557
4294967279,446
9,1556
9,1555
9,1554
9,1553
9,1552
9,1551
9,1550
4294967278,445
9,1549
4294967279,450
9,1548
9,1547
9,1546
9,1545
4294967279,445
9,1544
9,1543
9,1542
9,1541
9,1540
9,1539
9,1538
4294967278,444
9,1537
4294967279,449
9,1536
9,1534
9,1533
9,1532
9,1531
4294967279,444
9,1530
9,1529
9,1528
9,1527
9,1526
9,1525
4294967278,443
9,1524
9,1791
4294967279,448
9,1523
9,1522
9,1521
4294967279,443
9,1520
9,1519
9,1518
9,1517
9,1516
9,1515
9,1514
4294967278,442
9,1513
9,1512
4294967279,575
9,1511
9,1510
9,1509
9,1508
4294967279,442
9,1507
9,1506
9,1505
9,39
9,1504
9,1503
9,1502
4294967278,441
9,1501
4294967279,574
9,1500
9,1499
9,1498
9,1497
9,1496
4294967279,441
9,1495
9,1494
9,1493
9,1492
9,1491
9,1490
4294967278,440
9,1489
9,1488
4294967279,573
9,1487
9,1486
9,1485
9,1484
9,1483
9,1482
9,1481
4294967279,440
9,1480
9,1479
9,1478
9,1477
4294967278,503
9,1476
9,1475
9,1474
4294967278,439
9,1473
4294967279,572
9,1472
9,1470
9,1469
9,1468
9,1467
9,1466
9,1465
9,1464
4294967279,439
9,1463
9,1462
9,1461
9,1460
9,1727
4294967278,502
9,1459
9,1458
9,1457
4294967278,438
4294967279,571
9,1456
9,1455
9,1454
9,1453
9,1452
9,1451
9,1450
9,1449
4294967279,438
9,1448
9,1447
9,1446
9,1445
4294967278,501
9,1444
9,1443
9,1442
9,1441
4294967279,570
4294967278,437
9,1440
9,1439
9,1438
9,1437
9,1436
9,1435
9,1434
9,1433
9,1432
9,1431
4294967279,437
9,1430
9,1429
9,1428
4294967278,500
9,1427
9,1426
9,1425
4294967279,569
9,1424
9,1423
4294967278,436
9,1422
9,1421
9,1420
9,1419
9,1418
9,1417
9,1416
9,1415
9,1414
4294967279,436
9,1413
9,1412
9,1411
4294967278,499
4294967279,568
9,1410
9,1409
9,1408
9,1406
9,1405
4294967278,435
9,1404
9,1403
9,1402
9,1401
9,1663
9,1400
9,1399
9,1398
9,1397
4294967279,435
9,1396
9,1395
4294967279,567
4294967278,498
9,1394
9,1393
9,1392
9,1391
9,1390
4294967278,434
9,1389
9,1388
9,1387
9,1386
9,1385
9,1384
9,1383
9,1382
9,1381
9,1380
4294967279,434
4294967279,566
9,1379
4294967278,497
9,1378
9,1377
9,1376
9,1375
9,1374
4294967278,433
9,1373
9,1372
9,1371
9,1370
9,1369
9,1368
9,1367
9,1366
9,1365
4294967279,565
9,1364
9,1363
4294967278,496
9,1362
4294967279,433
9,1361
9,1360
9,1359
9,1358
4294967278,432
9,1357
9,1356
9,1355
9,1354
9,1353
9,1352
9,1351
9,1350
4294967279,564
9,1349
9,1599
9,1348
4294967279,432
4294967278,495
9,1347
9,1346
9,1345
9,1344
9,1086
9,1085
9,1084
4294967278,431
9,1083
9,1082
9,1081
9,1080
9,1079
4294967279,352
9,1078
4294967279,563
4294967278,353
9,1077
9,1076
9,1075
4294967278,494
9,1074
4294967279,431
9,1073
9,1072
9,1071
9,1070
9,1069
9,1068
4294967278,430
9,1067
9,1066
9,1065
9,1064
9,1063
9,1062
4294967279,562
9,1061
9,1060
9,1059
4294967278,493
9,1058
4294967279,430
9,1057
9,1056
9,1055
9,1054
9,1053
9,1052
4294967278,429
9,1535
9,1051
9,1050
9,1049
9,1048
9,1047
4294967279,561
9,1046
9,1045
9,1044
4294967278,492
9,1043
9,1042
4294967279,429
9,1041
9,1040
9,1039
9,1038
9,1037
9,1036
4294967279,560
9,1035
4294967278,428
9,1034
9,1033
9,1032
9,1031
9,1030
9,1029
9,1028
9,1027
9,1026
4294967278,491
9,1025
9,1024
4294967279,428
9,1022
9,1021
4294967279,559
9,1020
9,1019
9,1018
9,1017
4294967278,427
9,1016
9,1015
9,1014
9,1013
9,1012
9,1011
9,1010
9,1009
4294967278,490
9,1008
9,1007
9,1006
4294967279,427
9,1005
4294967279,558
9,1004
9,1003
9,1002
9,1001
9,1000
4294967278,426
9,999
9,998
9,997
9,996
9,995
9,994
9,993
4294967278,489
9,992
9,991
9,990
4294967279,426
9,989
4294967279,557
9,988
9,987
9,986
9,985
4294967278,425
9,984
9,983
9,982
9,981
9,1471
9,980
9,979
9,978
4294967278,488
9,977
9,976
9,975
4294967279,556
9,974
9,973
4294967279,425
9,972
9,971
9,970
9,969
4294967278,424
9,968
9,967
9,966
9,965
9,964
9,963
9,962
4294967278,487
9,961
9,960
4294967279,555
9,1342
9,1341
9,1340
9,1339
4294967279,424
9,1338
9,1337
9,1336
4294967278,423
9,1335
9,1334
9,1333
9,1332
9,1331
9,1407
4294967278,486
9,1330
9,1329
9,1328
4294967279,554
9,1327
